function [Ys] = LHPM(U,tau3,tau4)
h4=(tau4*0.56419-0.06917)/(0.60035+0.28209*tau4);
h3=tau3*(0.56419-0.28209*h4)/0.55133;
k=1./sqrt(1+2*h3.^2+6*h4.^2);
Ys=k*(U+h3*(U.^2-1)+h4*(U.^3-3*U));
end

